-- Load WindUI
local WindUI = loadstring(game:HttpGet("https://github.com/Footagesus/WindUI/releases/latest/download/main.lua"))()

-- Get player info
local player = game.Players.LocalPlayer
local playerName = player.Name
local playerDisplayName = player.DisplayName

-- Get the game name dynamically
local MarketplaceService = game:GetService("MarketplaceService")
local gameName = MarketplaceService:GetProductInfo(game.PlaceId).Name

-- Create Window with dynamic game name
local Window = WindUI:CreateWindow({
    Title = "VEX - " .. gameName,
    Author = "Premium Build",
    Icon = "rbxassetid://86958834463274",
    Folder = "Vex " .. gameName,
    Size = UDim2.fromOffset(500, 350),
    Transparent = false,
    Theme = "Dark",
    HidePanelBackground = true,
    NewElements = false,
    Acrylic = false,
    HideSearchBar = true,
    SideBarWidth = 200,
})

Window:EditOpenButton({
    Enabled = false
})

task.delay(13, function()
    WindUI:Notify({
        Title = "VEX",
        Content = "Join our Discord to get more of the best scripts!",
        Icon = "users",
        Duration = 6
    })
end)

-- Tabs
local Tabs = {
    Home = Window:Tab({ Title = "Discord", Icon = "users"  }),
    Farm = Window:Tab({ Title = "Farm", Icon = "fish"  }),
    Shop = Window:Tab({ Title = "Shop", Icon = "shopping-cart"  }),
    Teleport = Window:Tab({ Title = "Teleport", Icon = "map-pin"  }),
    Misc = Window:Tab({ Title = "Misc", Icon = "wand"  }),
}

Tabs.Home:Section({ Title = "Community" })

Tabs.Home:Paragraph({
    Title = "Discord",
    Desc = "Join our Discord to get more of the best scripts and updates!",
    Image = "rbxassetid://82233980503615",
    ImageSize = 60,
    Color = "Red",
    Buttons = {
        {
            Title = "Copy Invite",
            Icon = "copy",
            Variant = "Tertiary",
            Callback = function()
                setclipboard("https://discord.gg/FvMePtyJrq")
                WindUI:Notify({
                    Title = "Copied!",
                    Content = "Discord invite copied to clipboard",
                    Duration = 5,
                    Icon = "clipboard-check",
                })
            end
        }
    }
})

Tabs.Farm:Section({ Title = "Fishing" })

-- Services
local Players = game:GetService("Players")
local LocalPlayer = Players.LocalPlayer
local ReplicatedStorage = game:GetService("ReplicatedStorage")
local UserInputService = game:GetService("UserInputService")
local VirtualInputManager = game:GetService("VirtualInputManager")
local RunService = game:GetService("RunService")

local function GetFishingTool()
    local rodName
    pcall(function()
        rodName = ReplicatedStorage.playerstats[LocalPlayer.Name].Stats.rod.Value
    end)

    local char = LocalPlayer.Character or LocalPlayer.CharacterAdded:Wait()
    local backpack = LocalPlayer:FindFirstChildOfClass("Backpack")

    -- Check in Character (equipped)
    for _, v in ipairs(char:GetChildren()) do
        if rodName and v.Name == rodName then
            return v
        elseif v.Name:lower():find("rod") or v.Name:lower():find("fish") then
            return v
        end
    end

    -- Check in Backpack (not equipped)
    if backpack then
        for _, v in ipairs(backpack:GetChildren()) do
            if rodName and v.Name == rodName then
                return v
            elseif v.Name:lower():find("rod") or v.Name:lower():find("fish") then
                return v
            end
        end
    end

    -- Wait briefly for replication
    local startTime = tick()
    while tick() - startTime < 2 do
        task.wait(0.1)
        if backpack then
            for _, v in ipairs(backpack:GetChildren()) do
                if rodName and v.Name == rodName then
                    return v
                elseif v.Name:lower():find("rod") or v.Name:lower():find("fish") then
                    return v
                end
            end
        end
    end

    return nil
end

-- Auto Equip Rod
Tabs.Farm:Toggle({
    Title = "Auto Equip Rod",
    Value = false,
    Callback = function(state)
        if state then
            getgenv().AutoEquipRod = true
            task.spawn(function()
                while getgenv().AutoEquipRod and task.wait(1) do
                    local player = game.Players.LocalPlayer
                    local backpack = player:WaitForChild("Backpack")

                    local hasRod = false
                    if player.Character then
                        for _, tool in ipairs(player.Character:GetChildren()) do
                            if tool:IsA("Tool") and (
                                string.find(tool.Name:lower(), "rod") or 
                                string.find(tool.Name:lower(), "rend") or
                                string.find(tool.Name:lower(), "ravager") or
                                string.find(tool.Name:lower(), "yarncaster") or
                                string.find(tool.Name:lower(), "boom") or
                                string.find(tool.Name:lower(), "oath") or
                                string.find(tool.Name:lower(), "staff") or
                                string.find(tool.Name:lower(), "duskwire") or
                                string.find(tool.Name:lower(), "spiritbinder") or
                                string.find(tool.Name:lower(), "pitchfork") or
                                string.find(tool.Name:lower(), "mossripper") or
                                string.find(tool.Name:lower(), "onirifalx") or
                                string.find(tool.Name:lower(), "dreambreaker") or
                                string.find(tool.Name:lower(), "blazer") or
                                string.find(tool.Name:lower(), "fang") or
                                string.find(tool.Name:lower(), "fallen") or
                                string.find(tool.Name:lower(), "wingripper") or
                                string.find(tool.Name:lower(), "serenade") or
                                string.find(tool.Name:lower(), "cinderstring") or
                                string.find(tool.Name:lower(), "eardrum") or
                                string.find(tool.Name:lower(), "chrysalis") or
                                string.find(tool.Name:lower(), "axe") or
                                string.find(tool.Name:lower(), "blade") or
                                string.find(tool.Name:lower(), "guitar") or
                                string.find(tool.Name:lower(), "sword") or
                                string.find(tool.Name:lower(), "spire") or
                                string.find(tool.Name:lower(), "paintbrush") or
                                string.find(tool.Name:lower(), "nilcaster") or
                                string.find(tool.Name:lower(), "fish") or
                                string.find(tool.Name:lower(), "smasher") or
                                string.find(tool.Name:lower(), "caster") or
                                string.find(tool.Name:lower(), "sovereign") or
                                string.find(tool.Name:lower(), "elemental")
                            ) then
                                hasRod = true
                                break
                            end
                        end
                    end

                    if not hasRod then
                        for _, tool in ipairs(backpack:GetChildren()) do
                            if tool:IsA("Tool") and (
                                string.find(tool.Name:lower(), "rod") or 
                                string.find(tool.Name:lower(), "rend") or
                                string.find(tool.Name:lower(), "ravager") or
                                string.find(tool.Name:lower(), "yarncaster") or
                                string.find(tool.Name:lower(), "boom") or
                                string.find(tool.Name:lower(), "oath") or
                                string.find(tool.Name:lower(), "staff") or
                                string.find(tool.Name:lower(), "duskwire") or
                                string.find(tool.Name:lower(), "spiritbinder") or
                                string.find(tool.Name:lower(), "pitchfork") or
                                string.find(tool.Name:lower(), "mossripper") or
                                string.find(tool.Name:lower(), "onirifalx") or
                                string.find(tool.Name:lower(), "dreambreaker") or
                                string.find(tool.Name:lower(), "blazer") or
                                string.find(tool.Name:lower(), "fang") or
                                string.find(tool.Name:lower(), "fallen") or
                                string.find(tool.Name:lower(), "wingripper") or
                                string.find(tool.Name:lower(), "serenade") or
                                string.find(tool.Name:lower(), "cinderstring") or
                                string.find(tool.Name:lower(), "eardrum") or
                                string.find(tool.Name:lower(), "chrysalis") or
                                string.find(tool.Name:lower(), "axe") or
                                string.find(tool.Name:lower(), "blade") or
                                string.find(tool.Name:lower(), "guitar") or
                                string.find(tool.Name:lower(), "sword") or
                                string.find(tool.Name:lower(), "spire") or
                                string.find(tool.Name:lower(), "paintbrush") or
                                string.find(tool.Name:lower(), "nilcaster") or
                                string.find(tool.Name:lower(), "fish") or
                                string.find(tool.Name:lower(), "smasher") or
                                string.find(tool.Name:lower(), "caster") or
                                string.find(tool.Name:lower(), "sovereign") or
                                string.find(tool.Name:lower(), "elemental")
                            ) then
                                player.Character.Humanoid:EquipTool(tool)
                                break
                            end
                        end
                    end
                end
            end)
        else
            getgenv().AutoEquipRod = false
        end
    end
})

-- Perfect Auto Cast Variables
local AutoCastEnabled = false
local CastPowerThreshold = 0.95
local CastLoop = nil
local IsHoldingCast = false

-- Continuous holding variables
local LastHoldTime = 0
local HoldInterval = 1
local InFishingGame = false

-- Function to check if UI is active
local function IsFishingGameActive()
    local playerGui = game.Players.LocalPlayer:FindFirstChild("PlayerGui")
    if not playerGui then return false end
    
    if playerGui:FindFirstChild("shakeui") then
        return true
    end
    
    if playerGui:FindFirstChild("reel") then
        return true
    end
    
    return false
end

-- Function to check if rod is equipped
local function HasRodEquipped()
    local character = LocalPlayer.Character
    if not character then return false end
    
    for _, tool in ipairs(character:GetChildren()) do
        if tool:IsA("Tool") and (
            string.find(tool.Name:lower(), "rod") or 
            string.find(tool.Name:lower(), "rend") or
            string.find(tool.Name:lower(), "ravager") or
            string.find(tool.Name:lower(), "yarncaster") or
            string.find(tool.Name:lower(), "boom") or
            string.find(tool.Name:lower(), "oath") or
            string.find(tool.Name:lower(), "staff") or
            string.find(tool.Name:lower(), "duskwire") or
            string.find(tool.Name:lower(), "spiritbinder") or
            string.find(tool.Name:lower(), "pitchfork") or
            string.find(tool.Name:lower(), "mossripper") or
            string.find(tool.Name:lower(), "onirifalx") or
            string.find(tool.Name:lower(), "dreambreaker") or
            string.find(tool.Name:lower(), "blazer") or
            string.find(tool.Name:lower(), "fang") or
            string.find(tool.Name:lower(), "fallen") or
            string.find(tool.Name:lower(), "wingripper") or
            string.find(tool.Name:lower(), "serenade") or
            string.find(tool.Name:lower(), "cinderstring") or
            string.find(tool.Name:lower(), "eardrum") or
            string.find(tool.Name:lower(), "chrysalis") or
            string.find(tool.Name:lower(), "axe") or
            string.find(tool.Name:lower(), "blade") or
            string.find(tool.Name:lower(), "guitar") or
            string.find(tool.Name:lower(), "sword") or
            string.find(tool.Name:lower(), "spire") or
            string.find(tool.Name:lower(), "paintbrush") or
            string.find(tool.Name:lower(), "nilcaster") or
            string.find(tool.Name:lower(), "fish") or
            string.find(tool.Name:lower(), "smasher") or
            string.find(tool.Name:lower(), "caster") or
            string.find(tool.Name:lower(), "sovereign") or
            string.find(tool.Name:lower(), "elemental")
        ) then
            return true
        end
    end
    return false
end

-- Function to find the power bar
local function GetPowerBar()
    local character = LocalPlayer.Character
    if not character then return nil end
    
    local humanoidRootPart = character:FindFirstChild("HumanoidRootPart")
    if not humanoidRootPart then return nil end
    
    local power = humanoidRootPart:FindFirstChild("power")
    if not power then return nil end
    
    local powerbar = power:FindFirstChild("powerbar")
    if not powerbar then return nil end
    
    local bar = powerbar:FindFirstChild("bar")
    return bar
end

-- Function to get current cast power
local function GetCastPower()
    local bar = GetPowerBar()
    if bar and bar:IsA("Frame") then
        return bar.Size.Y.Scale
    end
    return 0
end

-- Function to simulate touch hold
local function StartCastHold()
    if IsHoldingCast then return end
    
    local screenSize = workspace.CurrentCamera.ViewportSize
    local holdX = screenSize.X - 100
    local holdY = screenSize.Y - 100
    
    pcall(function()
        VirtualInputManager:SendMouseButtonEvent(
            holdX,
            holdY,
            0,
            true,
            game,
            1
        )
        IsHoldingCast = true
    end)
end

-- Function to simulate touch release
local function ReleaseCast()
    if not IsHoldingCast then return end
    
    local screenSize = workspace.CurrentCamera.ViewportSize
    local screenCenterX = screenSize.X - 100
    local screenCenterY = screenSize.Y - 100
    
    pcall(function()
        VirtualInputManager:SendMouseButtonEvent(
            screenCenterX,
            screenCenterY,
            0,
            false,
            game,
            1
        )
        IsHoldingCast = false
        print("VEX IS BEST!")
    end)
end

-- Main Auto Cast Loop
local function StartAutoCast()
    local HasCast = false
    local CastCooldown = false
    
    CastLoop = RunService.Heartbeat:Connect(function()
        if not AutoCastEnabled then return end
        
        if not HasRodEquipped() then
            if IsHoldingCast then
                ReleaseCast()
            end
            HasCast = false
            CastCooldown = false
            return
        end
        
        InFishingGame = IsFishingGameActive()
        
        if InFishingGame then
            if IsHoldingCast then
                ReleaseCast()
            end
            return
        end
        
        local CurrentPower = GetCastPower()
        local CurrentTime = tick()
        
        if not IsHoldingCast and CurrentPower == 0 and not HasCast and not CastCooldown then
            if CurrentTime - LastHoldTime >= HoldInterval then
                StartCastHold()
                LastHoldTime = CurrentTime
            end
        end
        
        if IsHoldingCast and CurrentPower > 0 then
            if CurrentPower >= CastPowerThreshold and not HasCast then
                ReleaseCast()
                HasCast = true
                CastCooldown = true
                wait(3)
                HasCast = false
                CastCooldown = false
            end
        end
        
        if IsHoldingCast and CurrentPower == 0 and CurrentTime - LastHoldTime >= HoldInterval then
            ReleaseCast()
        end
    end)
end

-- Stop Auto Cast
local function StopAutoCast()
    if CastLoop then
        CastLoop:Disconnect()
        CastLoop = nil
    end
    if IsHoldingCast then
        ReleaseCast()
    end
    IsHoldingCast = false
    InFishingGame = false
end

-- Perfect Auto Cast Toggle
Tabs.Farm:Toggle({
    Title = "Auto Perfect Cast",
    Value = false,
    Callback = function(state)
        AutoCastEnabled = state
        
        if AutoCastEnabled then
            if HasRodEquipped() then
                StartAutoCast()
            else
                AutoCastEnabled = false
                WindUI:Notify({
                    Title = "No Rod Equipped",
                    Content = "Please equip a fishing rod first!",
                    Duration = 3,
                    Icon = "alert-triangle",
                })
            end
        else
            StopAutoCast()
        end
    end
})

-- Auto Shake
local AutoShakeEnabled = false

Tabs.Farm:Toggle({
    Title = "Auto Shake",
    Value = false,
    Callback = function(state)
        AutoShakeEnabled = state
    end
})

-- Shake Function
local function PerformShake()
    local gui = LocalPlayer:WaitForChild("PlayerGui")
    local shakeui = gui:FindFirstChild("shakeui")
    if shakeui then
        local safezone = shakeui:FindFirstChild("safezone")
        if safezone then
            local button = safezone:FindFirstChild("button")
            if button and button:FindFirstChild("shake") then
                button.shake:FireServer()
            end
        end
    end
end

-- Shake Loop
task.spawn(function()
    while true do
        task.wait(0.1)
        if AutoShakeEnabled then
            pcall(PerformShake)
        end
    end
end)

-- Auto Reel - Modified Version with 1 Second Delay
local AutoReelEnabled = false
local lastPlayerBarPosition = nil
local movementDetected = false
local movementTime = 0
local reelEvent = game:GetService("ReplicatedStorage"):WaitForChild("events"):WaitForChild("reelfinished")
local reelArgs = {100, true}

-- Function to get positions
local function GetReelUI()
    local gui = game.Players.LocalPlayer:FindFirstChild("PlayerGui")
    if not gui then return nil end
    
    local reel = gui:FindFirstChild("reel")
    if not reel then return nil end
    
    local bar = reel:FindFirstChild("bar")
    if not bar then return nil end
    
    local playerBar = bar:FindFirstChild("playerbar")
    local fishLine = bar:FindFirstChild("fish")
    
    if not playerBar or not fishLine then return nil end
    
    return {
        playerBar = playerBar,
        fishLine = fishLine
    }
end

Tabs.Farm:Toggle({
    Title = "Auto Reel + Perfect Catch",
    Value = false,
    Callback = function(state)
        AutoReelEnabled = state
        lastPlayerBarPosition = nil
        movementDetected = false
        movementTime = 0
    end
})

-- Modified Reel Loop with 1 Second Delay
task.spawn(function()
    while task.wait(0.05) do
        if AutoReelEnabled then
            local uiElements = GetReelUI()
            if uiElements then
                local playerBar = uiElements.playerBar
                local currentPosition = playerBar.Position
                
                if not lastPlayerBarPosition then
                    -- First time detecting the minigame, store initial position
                    lastPlayerBarPosition = currentPosition
                    movementDetected = false
                    movementTime = 0
                    print("Auto Reel: Minigame detected, monitoring for movement...")
                else
                    -- Check if player bar has moved from its initial position
                    if currentPosition.X.Offset ~= lastPlayerBarPosition.X.Offset or
                       currentPosition.X.Scale ~= lastPlayerBarPosition.X.Scale then
                        
                        if not movementDetected then
                            -- First time detecting movement
                            movementDetected = true
                            movementTime = tick()
                            print("Auto Reel: Movement detected! Waiting 1 second...")
                        else
                            -- Movement already detected, check if 1 second has passed
                            local timeSinceMovement = tick() - movementTime
                            if timeSinceMovement >= 1 then
                                -- 1 second has passed, fire the remote
                                reelEvent:FireServer(unpack(reelArgs))
                                print("Auto Reel: 1 second passed! Instant reel fired.")
                                
                                -- Reset for next minigame
                                lastPlayerBarPosition = nil
                                movementDetected = false
                                movementTime = 0
                                task.wait(0.5) -- Small cooldown
                            end
                        end
                    else
                        -- Player bar hasn't moved yet or returned to original position
                        if movementDetected then
                            -- Reset if bar moved back to original position
                            movementDetected = false
                            movementTime = 0
                        end
                    end
                end
            else
                -- No minigame UI detected, reset tracking
                lastPlayerBarPosition = nil
                movementDetected = false
                movementTime = 0
            end
        else
            -- Auto reel disabled, reset tracking
            lastPlayerBarPosition = nil
            movementDetected = false
            movementTime = 0
        end
    end
end)

-- // Instant Reel Button (keep this as backup)
Tabs.Farm:Button({
    Title = "Instant Reel + Perfect Catch",
    Callback = function()
        reelEvent:FireServer(unpack(reelArgs))
    end
})

-- // Reel Remote
local reelEvent = game:GetService("ReplicatedStorage"):WaitForChild("events"):WaitForChild("reelfinished")
local reelArgs = {100, true}

-- // Instant Reel Button
Tabs.Farm:Button({
    Title = "Instant Reel + Perfect Catch",
    Callback = function()
        reelEvent:FireServer(unpack(reelArgs))
    end
})

Tabs.Farm:Section({ Title = "Equipment Rod" })

local rodList = {
    "Flimsy Rod","Fischer's Rod","Training Rod","Plastic Rod","Carbon Rod","Fast Rod","Lucky Rod","Long Rod","Stone Rod",
    "Rose Rend","Scarlet Ravager","Experimental Rod","Magma Rod","Fungal Rod","Steady Rod","Fortune Rod","Rapid Rod","Magnet Rod","Nocturnal Rod",
    "Precision Rod","Wildflower Rod","Reinforced Rod","Arctic Rod","Avalanche Rod","Phoenix Rod","Scurvy Rod","Midas Rod","Crystalized Rod","Depthseeker Rod",
    "Aurora Rod","Mythical Rod","Kings Rod","Ice Warpers Rod","Brick Rod","Champions Rod","Friendly Rod","Carrot Rod","Wisdom Rod","Trident Rod",
    "Summit Rod","Resourceful Rod","Volcanic Rod","Voyager Rod","Riptide Rod","Seasons Rod","Rainbow Cluster Rod","Great Dreamer Rod","Sunken Rod","Auric Rod",
    "Rod Of The Depths","Rod Of The Exalted One","Destiny Rod","Abyssal Specter Rod","The Lost Rod","The Boom Ball","Frostbane Rod","Scarlet Spincaster Rod","Heaven's Rod","No-Life Rod",
    "Zeus Rod","Tempest Rod","Kraken Rod","Poseidon Rod","Leviathan's Fang Rod","Challenger's Rod","Great Rod of Oscar","Luminescent Oath","Celestial Rod","Rod Of The Eternal King",
    "Rod Of The Forgotten Fang","Duskwire","Evil Pitchfork","Cerulean Fang Rod","Wicked Fang Rod","Ethereal Prism Rod","Rod Of The Zenith","Seraphic Rod","Spiritbinder","Onirifalx",
    "Ruinous Oath","Tryhard Rod","Haunted Rod","Relic Rod","Antler Rod","North-Star Rod","Candy Cane Rod","Krampus's Rod","Frost Warden Rod","Fischmas Rod",
    "Frostfire Rod","Firework Rod","Shamrock Rod","Egg Rod","Brick Built Rod","Superstar Rod","Mission Specialist's Rod","Paleontologist's Rod","Fixer's Rod","Smurf Rod",
    "Popsicle Rod","Tidal Wave Rod","Paper Fan Rod","Rod of the Cosmos","Buddy Bond Rod","Astral Rod","Event Horizon Rod","Rod Of Time","Patriot Rod","Fang of the Eclipse",
    "Astralhook Rod","Fallen Snowblade","Wingripper","Sovereign Doombringer","Clickbait Caster","View Smasher","Fish Photographer","Paintbrush","nilCaster","Pen Rod"
}

local selectedRod = ""

Tabs.Farm:Dropdown({ 
    Title = "Select Rod", 
    Values = rodList, 
    SearchBarEnabled = true,
    Value = "",
    Callback = function(option) 
        selectedRod = option
        WindUI:Notify({
            Title = "Rod Selected",
            Content = "You selected: " .. option,
            Duration = 4,
            Icon = "settings",
        })
    end
})

Tabs.Farm:Button({
    Title = "Equip Selected Rod",
    Callback = function()
        if selectedRod ~= "" then
            local args = { selectedRod }
            game:GetService("ReplicatedStorage"):WaitForChild("packages"):WaitForChild("Net"):WaitForChild("RE/Rod/Equip"):FireServer(unpack(args))

            WindUI:Notify({
                Title = "Rod Equipped",
                Content = "Equipped: " .. selectedRod,
                Duration = 5,
                Icon = "settings",
            })
        else
            WindUI:Notify({
                Title = "No Rod Selected",
                Content = "Please select a rod first!",
                Duration = 5,
                Icon = "alert-triangle",
            })
        end
    end
})

Tabs.Farm:Section({ Title = "Equipment Bait" })

local baitList = {
    "Bagel","Flakes","Gale Grub","Garbage","Insect","Lushrooms","Worm","Maggot","Shrimp","Coral","Ember Berries",
    "Magnet","Minnow","Seaweed","Squid","Coal","Crystal Bananas","Lagoon Leech","Rapid Catcher","Super Flakes","Deep Coral",
    "Fish Head","Instant Catcher","Mist Worms","Night Shrimp","Truffle Worm","Weird Algae","Whale Bait","Golden Shrimp Bait","Sapphire Krill",
    "Shark Head","Luminous Larva","Kraken Tentacle","Golden Tentacle","Hangman's Hook","Colossal Ink Bait","Hourglass Bait","Snare","Moonhaze",
    "Phantom Leech","Glass Beetle","Neuro Slug","Toxic Jelly Core","Nightmare Larva","Golden Worm","Peppermint Worm","Holly Berry","Stud Bait",
    "Aurora Bait","Chocolate Fish","Lucky"
}

local selectedBait = baitList[1]

Tabs.Farm:Dropdown({
    Title = "Select Bait",
    Values = baitList,
    SearchBarEnabled = true,
    Value = selectedBait,
    Callback = function(option)
        selectedBait = option
    end
})

Tabs.Farm:Button({
    Title = "Equip Bait",
    Callback = function()
        local args = { selectedBait }
        game:GetService("ReplicatedStorage")
            :WaitForChild("packages")
            :WaitForChild("Net")
            :WaitForChild("RE/Bait/Equip")
            :FireServer(unpack(args))
    end
})

Tabs.Farm:Section({ Title = "Equipment Bobber" })

local bobberList = {
    "Frozen","Anchor","Cliff Peak","Coral Reef","Fake Pufferfish","Frozen Rubber Ducky","Infested","Mini Terrapin","Mushroom","Pirate Wheel",
    "Skeleton","Ancient Book","Baby Anglerfish","Blue Moon","Chilled Spikes","Cryogenic Icicle","Frigid Crystal","Lava","Lava Spout","Quiet Crystal",
    "Rubber Ducky","Sun","Tornado","Treasure Chest","Vertigo Rock","Bloxy Cola","Amber","Atlantis Guardian","Brine","Carrot Friend","Crystal Cluster",
    "Harpoon","Nautilis Shell","Aurora","Ghostly Conch","Prismatic Gem","Founders Rainbow","Tryhard Bobber","Dusk Bobber","Spirit Bobber","Stock",
    "Gem","Compass","Gold Coin","Whaley","Meteor Stone","Drifter's Tale","Sunken Ship","The Moby Bobber","Bloop Bobber","Lobster Pal","Fishing Net",
    "Azure Flower","Cannon","Ember Cluster","Lighthouse","Lush Tree","Pine Tree","Spiritual Gem","Oceanic Tunnel","Treasure Whale","Cursed Dreamer",
    "Skull","Crystallized Ball","Party Popper","Sunken Relic","Carbon","Blue Wiggly Worm","Green Wiggly Worm","Purple Wiggly Worm","Leaf","Heart",
    "Cat","Cube","Huge","Wireframe","Star","Translucent","Income","LED","Lightning","Evil Ducky","Cheezburger","Chocolate Milk","Bloxiade",
    "Glowfish Bobber","Roslit Bay Bobber","Diamond","Shaped","Eye","Coal"
}

local selectedBobber = bobberList[1]

Tabs.Farm:Dropdown({
    Title = "Select Bobber",
    Values = bobberList,
    SearchBarEnabled = true,
    Value = selectedBobber,
    Callback = function(option)
        selectedBobber = option
    end
})

Tabs.Farm:Button({
    Title = "Equip Bobber",
    Callback = function()
        local args = { selectedBobber }
        game:GetService("ReplicatedStorage")
            :WaitForChild("packages")
            :WaitForChild("Net")
            :WaitForChild("RE/Bobber/Equip")
            :FireServer(unpack(args))
    end
})

Tabs.Farm:Section({ Title = "Sell" })

local AutoSellEnabled = false
local SellWaitTime = 5

Tabs.Farm:Slider({
    Title = "Sell Delay",
    Step = 1,
    Value = {
        Min = 1,
        Max = 100,
        Default = 5,
    },
    Callback = function(value)
        SellWaitTime = value
    end
})

Tabs.Farm:Toggle({
    Title = "Enable Auto Sell",
    Value = false,
    Callback = function(state)
        AutoSellEnabled = state
    end
})

local Events = ReplicatedStorage:WaitForChild("events")
local npcFolder = workspace:WaitForChild("world"):WaitForChild("npcs")

local function FindMerchant()
    local npc = nil
    while not npc do
        for _, v in ipairs(npcFolder:GetChildren()) do
            if v:IsA("Model") and string.match(v.Name, "Merchant$") then
                npc = v
                break
            end
        end
        if not npc then
            npcFolder.ChildAdded:Wait()
        end
    end
    return npc
end

task.spawn(function()
    while task.wait() do
        if AutoSellEnabled then
            local npc = FindMerchant()
            local idle = npc:FindFirstChild("description") and npc.description:FindFirstChild("idle")

            if npc and idle then
                local args = {
                    {
                        voice = 12,
                        npc = npc,
                        idle = idle
                    }
                }
                Events:WaitForChild("SellAll"):InvokeServer(unpack(args))
            end

            task.wait(SellWaitTime)
        end
    end
end)

Tabs.Shop:Section({ Title = "Crate" })

local chosenCrate = "Bait Crate"
local crateCount = 5
local AutoPurchase = false

Tabs.Shop:Dropdown({ 
    Title = "Select Crate", 
    Values = { "Bait Crate", "Quality Bait Crate" }, 
    Value = chosenCrate, 
    Callback = function(option) 
        chosenCrate = option
    end
})

Tabs.Shop:Toggle({
    Title = "Auto Buy Crate",
    Value = false,
    Callback = function(state)
        AutoPurchase = state
    end
})

local purchaseEvent = ReplicatedStorage:WaitForChild("events"):WaitForChild("purchase")

spawn(function()
    while true do
        wait(0.01)
        if AutoPurchase then
            local args = {
                chosenCrate,
                "Fish",
                [4] = crateCount
            }
            purchaseEvent:FireServer(unpack(args))
        end
    end
end)

Tabs.Shop:Section({ Title = "Rods" })

local premiumRodList = {
    "Trident Rod",
    "Destiny Rod", 
    "Aurora Rod",
    "Kraken Rod",
    "Poseidon Rod"
}

local chosenPremiumRod = premiumRodList[1]

Tabs.Shop:Dropdown({
    Title = "Select Rod",
    Values = premiumRodList,
    SearchBarEnabled = true,
    Value = chosenPremiumRod,
    Callback = function(option)
        chosenPremiumRod = option
    end
})

Tabs.Shop:Button({
    Title = "Purchase Selected Rod",
    Callback = function()
        if chosenPremiumRod ~= "" then
            game:GetService("ReplicatedStorage"):WaitForChild("events"):WaitForChild("purchase"):FireServer(chosenPremiumRod, "Rod", 1)
            
            WindUI:Notify({
                Title = "Rod Purchase",
                Content = "Purchased: " .. chosenPremiumRod,
                Duration = 5,
                Icon = "shopping-bag"
            })
        else
            WindUI:Notify({
                Title = "Purchase Failed",
                Content = "Please select a rod first!",
                Duration = 5,
                Icon = "alert-circle"
            })
        end
    end
})

Tabs.Teleport:Section({ Title = "Islands" })

local islandLocations = {
    ["Ancient Archives"] = CFrame.new(-3156.37451, -745.713989, 1683.13574, -0.860117316, 1.84150082e-08, -0.510096252, 2.10384705e-08, 1, 6.26265706e-10, 0.510096252, -1.01929825e-08, -0.860117316),
    ["Ancient Isle"] = CFrame.new(6057.07422, 195.280151, 277.14859, 0.18684645, 2.1313635e-08, 0.982389152, -6.77808432e-08, 1, -8.78668072e-09, -0.982389152, -6.50338237e-08, 0.18684645),
    ["Ancient Isle 1"] = CFrame.new(-3155.02222, -750.667847, 2193.13696, 1, 0, 0, 0, 1, 0, 0, 0, 1),
    ["Ancient Isle 2"] = CFrame.new(5948.79053, 157.230042, 482.23584, 0.764405072, 0, 0.644736409, 0, 1, 0, -0.644736409, 0, 0.764405072),
    ["Atlantis"] = CFrame.new(-4265.13086, -602.574585, 1830.80737, -0.998844504, 0, -0.0480674766, 0, 1, 0, 0.0480674766, 0, -0.998844504),
    ["Blue Moon Pool"] = CFrame.new(2743.1582, 131.499985, 2514.72388, 0.249071687, 8.3022293e-08, 0.968485057, -6.24669099e-08, 1, -6.96588458e-08, -0.968485057, -3.1482192e-08, 0.249071687),
    ["Carrot Garden"] = CFrame.new(3716.6062, -1130.4895, -1078.50793, 0.657635927, -0.000371464179, 0.753335834, -5.71158016e-05, 0.999999821, 0.000542952563, -0.753335953, -0.00040009254, 0.657635808),
    ["Crystal Cove"] = CFrame.new(1350.14526, -604.872681, 2329.95679, -0.408572346, -2.40111309e-08, -0.912725925, 3.4419484e-08, 1, -4.17144292e-08, 0.912725925, -4.84586131e-08, -0.408572346),
    ["Desolate Deep"] = CFrame.new(-1654.96729, -213.520996, -2845.95215, -1, 0, 0, 0, 1, 0, 0, 0, -1),
    ["Forsaken Shores"] = CFrame.new(-2573.6189, 145.750015, 1587.65393, 0.356420547, -6.3444922e-08, -0.934325635, 3.09142578e-08, 1, -5.6111538e-08, 0.934325635, -8.88467877e-09, 0.356420547),
    ["Grand Reef"] = CFrame.new(-3565.76709, 154.360611, 535.246521, -0.457844615, 0, -0.889032245, 0, 1, 0, 0.889032245, 0, -0.457844615),
    ["Moosewood"] = CFrame.new(436.368713, 154, 247.310532, 0.12572813, 0, 0.992064714, 0, 1, 0, -0.992064714, 0, 0.12572813),
    ["Mushgrove Swamp"] = CFrame.new(2662.08105, 397.321472, -728.827026, 1, 0, 0, 0, 1, 0, 0, 0, 1),
    ["Northern Expedition"] = CFrame.new(19526.9629, 140.240601, 5292.56592, -0.457844615, 0, -0.889032245, 0, 1, 0, 0.889032245, 0, -0.457844615),
    ["Podium 1"] = CFrame.new(-3463.94727, -2254.81885, 3832.91699, -0.431924105, 0, 0.901909947, 0, 1, 0, -0.901909947, 0, -0.431924105),
    ["Podium 2"] = CFrame.new(-825.645203, -3269.98804, -709.761169, 0.781674981, 0, 0.623686016, 0, 1, 0, -0.623686016, 0, 0.781674981),
    ["Podium 3"] = CFrame.new(-13488.2939, -11053.1875, 134.38797, -0.27474618, 0.0107955653, -0.96145618, -0.00500683859, 0.999907374, 0.0126580652, 0.961503744, 0.00829161145, -0.274666667),
    ["Podium 4"] = CFrame.new(-4333.00537, -11185.5732, 3196.40845, 0, 0, -1, 0, 1, 0, 1, 0, 0),
    ["Roslit Bay"] = CFrame.new(-1597.0321, 134.780853, 604.949524, 0.394952327, 8.52962927e-08, -0.918701589, -4.72752115e-10, 1, 9.26411516e-08, 0.918701589, -3.61545212e-08, 0.394952327),
    ["Roslit Volcano"] = CFrame.new(-1888.52319, 163.847565, 329.238281, 1, 0, 0, 0, 1, 0, 0, 0, 1),
    ["Snowcap Island"] = CFrame.new(2628.69263, 142.099411, 2510.4458, -0.159515828, 3.14032782e-08, 0.987195373, -1.86964317e-09, 1, -3.2127409e-08, -0.987195373, -6.96839075e-09, -0.159515828),
    ["Statue of Sovereignty"] = CFrame.new(32.7750549, 144.493347, -1020.3197, -0.866953373, 2.6253506e-08, -0.498389244, 4.85347975e-08, 1, 3.1570807e-08, 0.498389244, -5.17150696e-08, -0.866953373),
    ["Sunstone Island"] = CFrame.new(-1046.80713, 134.239044, -1142.7168, 0.129344821, 5.11642035e-08, -0.991599679, 3.86840648e-09, 1, 5.21022378e-08, 0.991599679, -1.05750653e-08, 0.129344821),
    ["Terrapin Island"] = CFrame.new(-207.215851, 142.213226, 1953.05188, -0.414013892, -1.23624488e-07, 0.910270572, -8.38610177e-08, 1, 9.76668118e-08, -0.910270572, -3.59000545e-08, -0.414013892),
    ["The Depths"] = CFrame.new(947.417114, -711.63031, 1259.66516, 0.259314388, -8.87096352e-09, 0.965792954, 2.04304911e-08, 1, 3.69959574e-09, -0.965792954, 1.87722655e-08, 0.259314388),
    ["Vertigo"] = CFrame.new(-112.007278, -492.901093, 1040.32788, -1, 0, 0, 0, 1, 0, 0, 0, -1),
    ["Volcanic Vents"] = CFrame.new(-3421.24292, -2261.84131, 3839.80054, -0.993602812, -8.73249064e-08, -0.11293108, -7.97883573e-08, 1, -7.1255561e-08, 0.11293108, -6.17891374e-08, -0.993602812),
    ["Harvesters Spike"] = CFrame.new(-1254.800659, 137.689117, 1554.202148, -0.143004924, -0.000000042, -0.989721954, 0.000000099, 1.000000000, -0.000000057, 0.989721954, -0.000000106, -0.143004924),
    ["Ghosts Tavern"] = CFrame.new(252.978027, 799.999939, -6865.581055, 0.999985278, -0.000000040, 0.005427738, 0.000000040, 1.000000000, -0.000000000, -0.005427738, 0.000000000, 0.999985278),
    ["Bunker"] = CFrame.new(1792.076050, -327.827911, -2389.547119, 0.073551059, -0.000000001, -0.997291446, 0.000000003, 1.000000000, -0.000000001, 0.997291446, -0.000000003, 0.073551059),
    ["Ancient Archives Entrance"] = CFrame.new(5948.790527, 154.938034, 482.235840, 0.764405012, 0.000000013, 0.644736350, -0.000000043, 1.000000000, 0.000000030, -0.644736350, -0.000000051, 0.764405012),
    ["Crypt of The Green One"] = CFrame.new(1537.449951, -1692.600098, 6357.649414, -1.000000000, 0.000000090, -0.000000000, 0.000000090, 1.000000000, -0.000000001, 0.000000000, -0.000000001, -1.000000000),
    ["Keepers Altar"] = CFrame.new(1296.320068, -805.292236, -298.938171, 0.073551059, -0.000000004, -0.997291446, 0.000000020, 1.000000000, -0.000000003, 0.997291446, -0.000000020, 0.073551059),
    ["Crypt Exit"] = CFrame.new(129.482117, 150.190491, 2043.208496, -0.608793199, 0.000000047, -0.793329000, -0.000000041, 1.000000000, 0.000000091, 0.793329000, 0.000000088, -0.608793199),
    ["Calm Zone Inkeeper"] = CFrame.new(-4255.905273, -11201.726562, 1776.008423, 0.000000000, -0.000000017, -1.000000000, 0.000000032, 1.000000000, -0.000000017, 1.000000000, -0.000000032, 0.000000000),
    ["Upper Snowcap"] = CFrame.new(2938.805908, 280.783783, 2567.133789, 0.464833200, -0.000000013, 0.885398269, -0.000000006, 1.000000000, 0.000000018, -0.885398269, -0.000000013, 0.464833200),
    ["Sovereignty Mines"] = CFrame.new(-22.086105, 136.751114, -1123.099243, -0.342042685, -0.000000133, -0.939684391, -0.000000059, 1.000000000, -0.000000120, 0.939684391, 0.000000015, -0.342042685),
    ["Chess Puzzle"] = CFrame.new(-4312.790527, -11172.470703, 4102.433594, -1.000000000, 0.000000017, -0.000000000, 0.000000017, 1.000000000, -0.000000005, 0.000000000, -0.000000005, -1.000000000),
    ["Boss Arena"] = CFrame.new(-4355.886230, -11092.483398, 7153.694824, 1.000000000, 0.000000083, 0.000000000, -0.000000083, 1.000000000, 0.000000027, -0.000000000, -0.000000027, 1.000000000),
    ["Merlin"] = CFrame.new(-949.014587, 222.055450, -985.975403, -0.342042685, -0.000000011, -0.939684391, 0.000000021, 1.000000000, -0.000000019, 0.939684391, -0.000000027, -0.342042685),
    ["The Depths-Mazeend"] = CFrame.new(1683.632690, -902.401917, 1440.547729, -1.000000000, -0.000000002, -0.000005927, -0.000000002, 1.000000000, 0.000000066, 0.000005927, 0.000000066, -1.000000000),
